-1.611135579119018779e-01 -7.274820994032090704e-01 -1.012886654991872692e+00 -1.221812521274838526e+00 -4.846734985118306138e-01 2.174413199315323286e+00 7.155125491036565810e-01 -2.029667039971648768e-01 -1.537888678103332740e+00 1.288488983785693653e+00 3.209251229053456528e-02 -2.646748437896870310e-01
7.512642973231887789e-01 -1.339069653682815941e+00 5.379022492115268506e-01 1.507265507159673890e+00 5.293205339134096077e-01 2.558011012430985165e-01 -8.613701012702457138e-01 -1.284020371669069016e+00 -3.599205808268249873e-01 -8.605088777799512201e-01 2.190367448698015695e-01 6.391316941371990579e-01
1.600255725808155338e+00 7.457418960715057610e-01 -1.400726913825471431e+00 -3.979996551357715129e-01 -9.804793989422241896e-02 1.681592483681391803e+00 -1.097533095083405685e+00 1.217357829756887222e+00 1.221138937504504252e-01 -1.337971171908240775e+00 -5.569504268111248324e-01 -8.508735418956671348e-02
1.123729901289101385e-01 1.611481056719202831e-01 -1.099338659507283600e+00 -9.104123793536207376e-01 -7.525874902154652268e-01 -1.038582004941086323e+00 -8.128976645791349820e-02 6.682616410447751454e-01 -2.958329859015705332e-01 -1.030776450662317156e+00 8.962092370813357078e-01 8.008714130010529120e-01
-1.205162235898341594e+00 -7.406256545915269607e-01 4.918821830956591201e-01 -7.083891158506959718e-01 -8.378074900456321528e-01 -1.073778201270533472e+00 -1.481250133008979342e+00 -2.665479047720096251e+00 -5.228608499820258659e-01 -1.411952190980445998e+00 -1.212946485040644395e+00 -8.794497365486471097e-01
5.459675745733184593e-01 -8.245423448840699665e-01 5.568893388488391771e-01 -5.037541796186241205e-01 -6.033376838393255115e-01 -1.723155020175563434e+00 -1.011667137466936817e+00 4.921954220775541788e-01 -5.395562769349926402e-01 -1.040902761034025570e+00 1.399194906447023712e+00 -3.563899451113221595e-01
-7.043132880589758615e-01 7.906626224762320909e-01 -6.476272981646591376e-01 1.076269875942756027e+00 -1.524736614878239305e+00 -5.767766325197771771e-01 -1.498670221584860629e+00 -1.022510878526677436e+00 1.994723689327872362e+00 -1.008151594300290776e+00 3.280606104696780490e-01 -1.030203169005091901e+00
-3.218533491159762394e-01 1.027424093388497051e+00 5.448368274545113410e-01 -1.348513225160437923e+00 -1.127323073210683813e+00 6.204838296654219265e-01 1.290265122640799622e-01 5.509057534709117521e-01 -8.948720644159451343e-01 1.495198915118683414e-01 -1.119293605040770245e+00 2.244302532246946480e-01
1.156799852111560778e+00 -6.224400562542767856e-01 1.145516531006250949e+00 1.642800893378688620e+00 -7.691002764818483106e-01 -1.413855742723449493e+00 2.278959437026017554e+00 -1.599742041876912824e+00 5.110254580392609158e-01 1.086361224914845991e+00 5.220118018983496144e-01 3.967050652237971708e-01
7.599600885777935133e-01 7.359238835091185260e-01 -1.046666894792536301e-01 -1.170008836722663093e+00 -1.298249424890376647e+00 -3.078491164589500229e-02 -3.671389920078980684e-01 1.166148253868512841e+00 -1.035751976516431361e+00 -1.681350376721007400e+00 -1.659906414948848719e+00 3.825232357087036128e-01
-9.215959999480647369e-01 -9.186988729812761711e-01 7.491272792512739809e-01 -3.068634175802248398e-01 6.582992102600409012e-01 -9.179560244948454795e-01 -1.790169442115016274e+00 2.726005868193586146e-01 -1.050889535116609874e+00 7.839321018705167621e-01 1.872269579131641493e+00 -8.165545777543969930e-01
-1.553166824042778504e+00 -6.399508737304000494e-01 -4.801328794500730468e-01 7.486158680839928303e-01 1.212893218938768447e+00 -2.404344324074553896e+00 -4.207448661266969814e-01 -1.789217126079676534e+00 -4.266924916750733376e-02 1.130320699177516319e+00 5.970179695057112879e-01 -1.523132926932677100e-01
4.958303944529081630e-01 8.776603328188678499e-02 4.634699103045863411e-01 -1.124737735940042338e+00 1.619635981403053787e-02 8.563925853704542623e-01 4.085989443773686003e-01 -3.152047946485784791e-01 -1.342126393459823763e+00 1.254217922349843306e+00 -1.365439522425877961e+00 1.192512393221262679e+00
3.307287951252821934e-01 1.079138801689612404e+00 9.655830874016262388e-01 1.968990096019244407e-01 1.785518897526887860e+00 -9.554689394642084110e-01 8.305416670749753427e-01 -9.802315445930110949e-01 -1.132479579467492892e+00 1.218518415152939571e+00 -4.224237152996323519e-01 -2.469568322883895217e-01
1.264077960535411327e-01 -5.989955414442078574e-01 -9.709469537571296938e-01 -1.618585346796116875e+00 -5.867851203216527256e-02 -1.461310062496171902e+00 -1.611317239940002644e+00 4.503580610260193851e-01 -4.146010614238440639e-01 1.014055480319190350e+00 6.651635918131347802e-01 -4.433949589935554103e-01
7.224166758714538616e-01 6.359180884584401949e-02 3.177435968712839509e-01 3.352944208572802287e-01 -7.153230791438254244e-01 -8.502266213356067803e-01 4.675292177556844009e-01 1.409245653678077081e+00 3.997512018197706407e-01 1.455990540823047352e+00 1.013559679609099540e+00 9.890382851627254057e-01
-3.423306094045846515e-01 5.475152855908183014e-01 -9.715546231584483439e-02 -8.431941591676050951e-01 1.387818619275391852e+00 -1.180437630263122539e+00 -4.779217277289218302e-01 -1.024900045676429672e+00 -1.255830464276507463e+00 -8.207810408451740591e-02 1.773539876460834830e-01 7.488454032221295575e-01
7.061941888222782460e-01 -7.993435958054218027e-01 -1.447522524320954185e+00 1.078205424658823297e+00 -1.203058900376200668e+00 1.359920602556686786e+00 4.774590875633343279e-01 -1.414020851484413033e+00 4.931186512010011791e-01 1.721167617873522238e+00 4.321594756789399749e-01 -7.383584273318114510e-01
1.726559275366756074e-01 7.614258949821883782e-01 1.583969719916464292e-01 -1.055306623290484247e-01 1.820482519638646712e+00 2.370673775958511253e+00 -8.761117937070201922e-01 -1.140807112140438617e+00 7.458736462199344608e-01 -1.022703149262813804e+00 -1.060284878802279174e+00 3.316104564466928473e-01
-9.620834601106109663e-01 -1.863041773854402228e-01 -8.556166397670263990e-01 1.625103363927644429e+00 -9.992362998241621774e-01 -7.730675110678725259e-01 7.256779066107856002e-02 3.134871236059142419e-01 -1.015119245647674306e+00 -4.336235461359640997e-01 -1.071876033724171284e+00 -1.590722724309588110e-01
-9.324784310160839640e-01 -1.061652389308942457e+00 2.132432524961582754e-01 1.215087941140673644e+00 -9.776168382733793072e-01 1.273153894504565287e+00 -2.121780085390342574e+00 -1.028128407330821448e+00 2.626918201897160410e-01 -1.015983251318997471e+00 -1.466177763699295644e+00 -1.078591340518072261e+00
-1.377054916259355943e+00 -6.608048891533785385e-01 2.929820083517230556e-01 1.614771066596053073e+00 7.227355392929537548e-01 -6.532438772356525813e-01 2.527164667440827461e+00 -9.097899897978207751e-01 -5.150104439943001822e-01 -1.180054022135472280e+00 5.462575732023122743e-01 2.698878093797357214e-01
8.519384834897664183e-01 1.810488940864473928e-01 7.976791844740159787e-01 4.387866571396443760e-01 1.781068975771227469e+00 -1.151313830236422975e+00 -2.731020837052339778e-01 2.364188305696856840e-01 1.390898904648826928e+00 -5.499291373083016188e-01 -6.248174668139727661e-01 -3.650386646687215353e-01
1.331382035623933424e+00 -2.739516480847879465e-01 8.857696209789931441e-01 1.139217116122096751e+00 -4.524265994610743996e-02 2.056305443505177799e-01 3.677578185489571161e-01 -1.130495759648913578e+00 4.520363570850097767e-01 2.939125130885048565e-01 -8.452084106967311383e-01 1.232098208711087661e+00
4.897393428424650086e-01 -3.638221711962218441e-01 -1.055260195524168054e+00 -6.173875492240280538e-01 -5.311979362783370018e-01 -1.612413574589847687e-01 -1.535310479219506918e+00 2.486934272843930316e+00 -1.713716794128343324e+00 8.563590584240410308e-02 1.237635930328444767e+00 -6.927682265032972797e-01
-1.312571398785678856e+00 -4.600366350353819467e-01 1.497201390028943591e+00 1.369290824288624142e+00 -2.329451377014369884e-01 -2.186386585824486584e-01 1.387671929725599607e-01 7.453725139669035160e-01 8.369763291030176688e-01 1.107322397281995663e+00 -8.308543724229384697e-01 -1.109918237369776239e+00
-6.451113046295499087e-01 8.788528325312987555e-01 1.115722918302940236e+00 -7.513024095167342153e-01 1.631945544078336807e+00 -1.027216713541605264e+00 -2.447122737245445434e-01 4.812318742719860487e-01 1.211365986778776049e+00 8.992048889638959430e-01 -7.900500774704979356e-01 -4.034739848534076301e-01
9.597694869829260789e-01 7.722312983702210865e-01 -8.519692371937500619e-01 4.167579621476777407e-01 1.322151936036204400e+00 1.049036915165725281e+00 1.476501958378800161e+00 1.068545490701871215e+00 1.018709341542660907e+00 4.898111305305094532e-01 3.054454427186924503e-01 -2.266671797985775894e-01
1.124389312925820894e+00 1.218147214562796954e+00 9.203781506185663153e-01 1.139678730527142747e+00 2.552547686293575868e+00 1.465088196821180855e+00 8.527619677892693817e-01 9.533331676423336676e-01 -6.753150722044745091e-01 -2.917873079409801784e-01 1.034906400962065209e+00 -5.818989009373876781e-02
3.903873354465646484e-02 5.459917456346048692e-02 -5.255427655414136590e-01 1.053582727110269346e+00 -1.475845167501975252e+00 1.643535333225218054e+00 1.159583136571619821e+00 1.111597509809253426e+00 -3.675009604699974175e-01 6.190628057721492272e-02 -5.533943250006503334e-01 -3.014999516338014995e-01
2.636448303580494756e-01 -4.800142656456164447e-01 3.927088076424800067e-01 -4.909988524845920743e-01 -1.572261929458998342e+00 8.964682761155170487e-01 3.971095194909750603e-01 1.451443473927878758e+00 1.705831464529810715e+00 -3.391809733531752080e-01 8.889010117680692380e-01 1.781278216805069592e+00
5.995797487347515053e-01 -6.441569632681048985e-01 6.681979641502243661e-01 -1.158103467493853067e+00 9.416444925200194715e-01 1.423810303760071561e+00 1.134673985144132979e+00 6.117494381140663462e-01 -1.606689293487095549e+00 1.783918509320509216e+00 -2.671573456639479427e-01 -7.995893664178014282e-01
-8.732928501113907949e-01 -6.378973619437849907e-01 -1.540199132352951805e+00 1.160153340344162176e+00 1.680945105001526940e+00 1.415006657177206417e+00 1.857226639606318841e+00 1.436721244483443183e+00 -1.379940815996952175e+00 -8.424837360246624218e-01 -8.971796153238630334e-01 -2.395489607565423062e-01
-3.661572354604893387e-01 8.060178756074493078e-01 7.281665603563961531e-01 -4.950484748013673220e-01 3.422590962793211622e-01 -5.846341421752091483e-01 -2.165652765123534884e+00 -1.616152788649269034e+00 -7.710227350185036022e-01 1.627990491774162329e+00 5.880673987028423033e-01 -9.742651626544513999e-01
-5.408985210851493530e-01 -1.266423938069460409e+00 6.476600393045250925e-01 8.493395465190515248e-01 6.210253512353506311e-01 6.788053837538835511e-01 7.342065010335654396e-01 1.428014907683714307e+00 -8.337640652561126298e-02 -9.008645238545361922e-01 7.191355845547896530e-01 -3.602324736376264491e-01
1.254779083600541245e-01 3.299741004855801657e-02 5.763857942665105982e-01 -7.652023233228180121e-01 -1.273172091983796994e+00 1.645315050659326594e+00 7.310450200460165693e-01 1.452365667236384938e-01 -5.053843810006460879e-01 -1.467440730899663093e+00 -7.090690135759655233e-01 -2.494663459001517924e-01
