2.784019510301521949e-01
1.230325021778693406e+00
6.528233509100078713e-01
-1.375308655409344771e+00
-1.332729672189818526e+00
-1.442440405670089243e+00
-5.006688562416162780e-01
-9.337833213590743808e-01
-2.475711167563761084e-01
-1.269632857434624951e+00
-2.613272709965393514e-01
-1.967938734860514294e-01
-9.730206154675143104e-02
5.700749655284625961e-01
-1.603311910937394780e+00
-6.076350649514384861e-01
-2.974812825898184854e-01
6.786618795747596522e-01
2.165958099899704337e+00
-4.254462552221748711e-02
8.224358727762876020e-01
9.130324140710333047e-01
5.917762799071107915e-01
7.123349072941698168e-01
-6.491520115893805176e-01
5.130773197721462120e-01
-4.221755334260084841e-02
1.488886291091793712e+00
2.725118336842430544e+00
6.714646541703939153e-01
-5.745229771334199320e-01
6.642009935432481305e-01
2.254906798792855493e+00
-3.504971003553761788e-01
1.155600754486511672e+00
-1.708230096277462140e-01
