6.365768296650389235e-01
-2.174463772962645924e-01
2.535584736302143316e-01
8.897020889496768392e-01
1.903394349109940320e-01
4.912103708380994443e-02
-5.096035489488407455e-01
-9.716818674961990032e-01
-9.772189556643796626e-01
9.024778025606269294e-01
-5.642793344774891251e-01
-1.099878880033190454e+00
-1.249984687868655797e+00
-1.359010751891008908e-02
5.313807297889734382e-01
-1.800544009179863292e-01
-3.486502966253940405e-01
-1.539894963952494478e-01
4.607082456409726245e-01
-1.338554827953755411e-01
1.047325096491210861e+00
4.243148678682956976e-01
3.108306934748212291e-01
-6.542849997703535647e-02
1.363456403017177521e-01
8.543543753541335550e-02
6.718157269098834483e-01
-1.379055550446877332e+00
-1.240483481717045589e+00
8.166403392639172143e-01
-1.515316855848732214e+00
-6.863404458837580879e-01
2.054614628514337404e-01
1.055387390830111682e+00
-1.795152585027890879e+00
-2.993338762053937563e-01
-6.456356945177541551e-01
-2.168226440040248448e+00
2.231043317157022643e-01
-1.115477921286624374e+00
-6.746290699817779624e-01
-6.580935628022283046e-01
6.404033444340998527e-01
4.322781768998114060e-01
1.277234128635486854e-01
2.960380287320188777e-02
-1.191819813798976391e+00
3.118437922466310575e-01
3.387860792791116959e-01
2.781727047133605857e-01
2.404418973301786888e+00
-7.343395397065409780e-01
4.863178810711235589e-01
5.464380000955492145e-01
2.010567336411959172e+00
1.491777573871107432e+00
-2.114272670863222015e+00
-9.465970540782274734e-01
8.211922046523381091e-01
2.345274457164917559e-01
3.203806381569058725e+00
5.895729955488744345e-01
-1.082190940678528612e+00
1.479848966065270555e-01
1.441227433051741169e+00
1.811710128426124167e-01
1.464767603548313479e+00
-1.340479242171266794e+00
