1.591378860109391891e+00
-1.002936724713549277e-01
1.077409610817803065e+00
1.649200028653386330e+00
1.972649791286807952e+00
2.861679536298679660e-01
1.054739537106984093e+00
1.100704795304268124e+00
1.193815392048422241e+00
1.427637652193777473e+00
5.956949515427811814e-01
1.281291577039087859e-01
-2.013690311809611111e-01
8.085733139203160613e-01
1.280418428353167215e-01
1.091822200783145735e+00
8.682288399570190496e-01
1.356094028462198731e+00
1.059553066496286222e+00
-3.504463590870582901e-01
2.776565353391482471e+00
2.687244419208601798e+00
1.232860690581367047e+00
8.966204424815476387e-03
-5.818448665661746233e-01
1.389247328040566387e+00
5.786330696549514263e-01
1.266255045980890115e+00
7.641372252031185530e-01
4.824668242358134962e-01
1.377475695967173897e+00
2.330961140959796563e+00
-8.299182582917240536e-01
7.686781548096653927e-01
-4.854379119655208297e-01
1.560194871251327609e+00
7.015343640026541205e-01
2.046098889742915983e+00
9.884404034520879456e-01
-1.614350319310042248e-01
2.093833157479688456e+00
2.193404011946754828e+00
1.271692798648943745e-01
9.027177588423940247e-01
-3.428536377988110617e-01
-6.623887796632601521e-01
4.866887243809234209e-01
7.806767208625775556e-01
1.071786698760873291e+00
1.491602610461475908e+00
8.272666213421260295e-01
3.964598222285189294e-02
2.019223376751023979e-01
-1.916992930766692194e+00
8.384573824925449503e-02
-4.151921134594034890e-01
-4.084023831960629791e-01
-1.001802891042124166e+00
1.003598311206224558e+00
3.285367638540575008e-01
4.550927225470111637e-01
-4.230949191072528870e-01
4.067865229868355970e-01
-1.190608053806566424e+00
-1.241288687750345510e+00
-9.214502460465752165e-01
-1.387068837103961304e-02
-1.807506690902624669e-01
-1.681478169785272092e-01
-2.920074007563878693e-01
-3.314069774663818552e-02
-1.102143397152819837e+00
-1.160245501158403636e+00
-2.597949701577391135e-01
-5.597739172325522095e-01
4.009080271790427807e-01
-4.002972055067422485e-01
2.816544582695587606e-01
-9.897989226103324212e-01
-4.158052891053365396e-01
1.804596520457930620e-01
8.597343188409437009e-02
8.347369312177496115e-01
2.274363078262594762e+00
-6.780300431121280003e-01
-5.085507910083012506e-01
-6.524593396721592997e-01
-1.063870814625535344e+00
-6.333048445824885908e-01
-8.238551449204039034e-01
-1.509845310882775848e+00
-1.625516941439789642e+00
-6.038876219617753671e-01
-2.094768208755325989e-01
-2.254335702958342402e+00
-2.662164369760472993e-01
-1.116394242941251003e+00
-9.389308942159195759e-01
-8.443179867951956519e-01
-1.062024212862259676e+00
-3.668949918477280581e-01
-5.876347031464158599e-01
-8.692736337564487270e-01
-1.388726746547572555e+00
-8.748214291395886022e-01
-1.231912452716772854e+00
-2.592853790067708442e-01
-1.413665323226944159e-01
-2.039426985324256147e+00
-1.390634385528909833e+00
-1.472444858612864005e+00
-9.624933041923262600e-01
-3.184338362402947542e-01
-1.130680334652585550e+00
-6.880213211806381901e-01
2.061129649653503371e-01
-2.399585974346233053e-01
4.912408289899621860e-01
2.083399154006589267e-03
4.291193082238114326e-02
-1.355020208682594929e-01
-2.031873150794612504e-01
5.194946627675376405e-01
2.507442049521659833e-01
-1.104785860536988684e+00
-8.045278518278529134e-01
-2.571744318245775159e-03
-1.189858358583090636e+00
-7.705610943520397882e-01
-2.520873575261652344e-01
8.718489203269921273e-01
-6.844408029346393807e-01
2.956610250517247018e-01
-9.701836005965019938e-01
-1.933066690220381467e+00
-1.254765520856442051e-01
-1.180654971317802948e+00
-9.058207560000002267e-01
-1.027527741954900264e+00
4.666800963113709733e-01
-8.405069342680286659e-02
-2.492017059020402436e-01
2.180884052566474732e-03
-1.146867029689852879e+00
3.499486977008390287e-01
-2.306519941293475318e-01
7.950856340061755734e-02
3.240625630693876880e-01
-6.493469377243215046e-01
2.231127700394392732e-01
5.366640525254111616e-01
1.137750758075539048e+00
6.679197538023696756e-01
-1.805384331580826229e+00
-1.325184783023199309e+00
3.318371769098247825e-01
-7.401011862061207536e-01
1.981323182912881009e+00
1.389730693923422467e-01
-9.708700928783103867e-01
-1.310670711965205681e+00
9.167561667308961049e-01
-2.536738709862892405e-01
8.807930299379632677e-01
