4.497694909555596809e-01
-8.035764011556847941e-02
4.059561769947862137e-02
6.702088255787806703e-02
7.208866705425202026e-01
8.314925757819736918e-02
9.918648122446200865e-01
-6.725246334115470015e-01
-3.960615289095587022e-01
-5.772008829479146064e-01
8.024494015091611088e-01
9.486555036289630038e-01
3.439995851729412690e-01
-7.062807031440532235e-01
2.171912350701633354e+00
1.260906322214054631e+00
3.851893477820193534e-01
7.503389871002501543e-01
1.498939646293450112e-01
4.072663188555319391e-01
1.675145666502795283e+00
5.351588203841111113e-01
-1.332845398053928987e+00
1.302472730500825238e+00
-1.429956533735778024e+00
2.587656018564275517e-01
-1.933408065194173853e+00
1.591743231143513571e+00
-1.781650722898143302e+00
-7.257416960292011332e-01
9.666361842520890812e-01
-1.078677127805043184e-01
-1.435031801892285630e+00
-2.100510333811925479e-01
4.483430453339064536e-01
-7.233859664186145233e-01
-1.138920929656285885e+00
7.093520565388868396e-03
-5.483700008274219329e-01
6.502176336429431602e-01
9.343485875080641545e-01
7.433755106420927294e-01
-8.989381019866831135e-01
-1.945623668357149505e+00
5.156897128180177869e-01
1.394531553731080953e+00
-1.132059605216840570e+00
5.531922649654232860e-01
-1.055650597674586411e-01
-1.196324337163673590e+00
5.457340045625921343e-01
-1.502859003165269547e+00
-1.355247884273420134e+00
-1.331424287342641177e+00
1.034109449840235229e+00
1.108560117331735873e+00
-7.918770671006574169e-01
-3.592412461738736518e-01
7.157523760324996376e-01
4.051816639561742206e-01
1.981666212747098088e+00
-4.627784329615893255e-01
-6.037194558452703419e-02
2.355436078697673297e-01
-2.195795368460152996e+00
5.957158493440920521e-01
-9.442533899146615672e-01
3.091387881617481126e-01
