-1.252226890260083325e-01
6.847413694185817690e-01
1.161161297172284668e+00
-2.379685325425580977e+00
1.211178124377521037e+00
1.353295514501456465e+00
-1.273472704261148891e+00
1.565458524223648284e+00
-8.993659521595953610e-02
-3.197811548777482304e+00
-1.507941090571646992e-01
9.406799706376675063e-01
-1.638093682517622440e+00
-9.260729336389489363e-01
5.551512885879376080e-01
-9.703774855939905075e-01
8.198194374601638357e-01
-1.637748187740871164e-01
-1.190214065789783726e+00
1.884833261999709242e+00
4.406656944734835823e-01
8.014926222469853645e-01
1.077534652135835769e+00
2.454369765058746211e-02
1.449154386462824018e+00
2.112760527625978657e+00
-9.640061724800759180e-01
9.260299486709170358e-01
8.273469354740283777e-01
1.079484069115689282e+00
1.776791969434249996e+00
1.285897726181219447e+00
-7.414174978551306694e-01
-1.351272097963552854e+00
-1.144472020057304140e-01
2.416956189631715546e+00
1.960572062327778031e+00
1.112623683484695869e+00
1.056175351525430406e+00
-8.776728701630719387e-01
3.491361862652566650e-01
-4.269265454703926044e-01
8.975788947875030788e-01
1.862110670147877345e+00
4.361708124836043421e-01
5.400046335421364585e-01
9.214995388192317449e-01
-5.300533910604980914e-01
9.266979044842605928e-01
1.131781544816320428e+00
-3.058234919550323894e-01
-1.120577056481413952e-01
-7.432851168715957080e-01
8.472776286830986381e-01
2.087750769277077825e-02
-2.615504402957641972e+00
-1.895028909224644176e+00
-1.388614674863856813e+00
-3.708829764639459126e-01
-1.634098132302524986e-01
-4.412303468233997883e-01
1.175279958987817119e+00
-9.716384041461314514e-01
1.635656926122529276e-01
-1.075763008746880134e+00
-7.657923742293819558e-01
1.141594412999240804e+00
1.231690642275903746e+00
8.642857341368223034e-01
-1.255227612617260791e+00
6.673393367863967862e-01
-1.243226035780313543e+00
9.564535577358729279e-01
8.734002589252798376e-02
-1.537158832362203409e+00
9.389204686863728000e-01
-9.124428086521877423e-01
-1.158500495569461108e+00
-6.090288039744600201e-01
-6.096732370448306737e-01
-8.665534042425054873e-01
8.312867676023925068e-01
-9.093361852927792643e-01
-5.232161284566502202e-01
3.831854077064971165e-01
4.032403342158882159e-02
1.193756036845628810e+00
-9.093598347630944545e-01
-6.570314034969547690e-01
1.119921297824836959e+00
-8.206154256800608504e-01
-1.320899668624482548e-01
4.053750168934974751e-01
-2.181767064013974800e+00
-2.559918596346517222e-02
-6.372601893313446508e-01
1.102186926386689442e-01
4.402992685604322221e-01
-2.882782253672537265e-01
-1.328452389723945304e+00
3.687066846349804083e-01
-1.400628049268657804e+00
-3.056467785065500875e-01
1.146585349681116250e+00
-7.997245927709324409e-01
5.116828892595950418e-01
-1.265397669038160533e+00
7.280334194719920715e-01
3.872646579232347785e-01
1.652684609426627038e-01
-9.463133052945533752e-01
2.263960128838931329e-01
9.715273928394242420e-01
3.467077940268820102e-01
1.096338393012036144e-01
2.137186279255786081e-01
-2.231983740801767035e-01
7.970287465476346700e-01
9.019979626634858638e-01
-1.213754268211805210e+00
1.230196559380766663e+00
-9.484283252992966595e-01
5.401539949098030924e-01
-8.707493542033180045e-01
-5.393150495409406581e-02
-8.171247016611690173e-01
-4.893889610789084466e-01
2.730228795261576691e-01
-2.101392184281294651e-01
-3.245943453221463576e-02
5.847032741674849099e-01
3.907857032693730082e-01
-8.770952998505281428e-01
-3.748590573532458586e-02
1.097110224260912092e+00
-9.112363137147284908e-02
1.256331802416298826e+00
1.760526376858692066e+00
2.164015728950128281e-01
-6.560810044161244914e-01
-1.034997307794209842e+00
-8.547936913497109490e-01
9.525602452866457348e-01
-4.311619703851140017e-01
-2.260848855021044268e-01
1.142768755156705840e+00
-1.241269862669393875e+00
-2.317917065007034649e-01
-7.327691595075552788e-01
-1.746283153597835813e+00
-3.865542585557663613e-01
-2.721962380837578133e-01
6.303304724019785921e-01
-9.068449469020665177e-01
-3.216276366262640907e-01
9.677364965680738118e-01
-2.257754467036693635e-01
-6.319824483157555628e-01
-9.831549074763419327e-01
3.343787665826820077e-01
5.376575745661644756e-01
-1.235623895985860310e+00
7.277081284008053430e-01
-4.585625588085819881e-01
