-5.516788886628133382e-01
7.560412530470682624e-01
-8.531786993691429233e-01
7.837909276545129700e-01
1.321145672921649084e+00
9.718347475000952418e-01
1.478613396257472123e+00
-1.825908749246857310e+00
6.090694305775522510e-01
4.171252820826802932e-01
7.648190832850353393e-01
-9.078571245577651272e-01
-6.061496224126228238e-01
-4.438556160074110801e-01
2.923996384890968359e-01
2.916340523855522893e-01
-3.712327741492616462e-01
-6.396998903918937884e-02
6.520923233786807272e-01
-1.598484131474147585e+00
1.290017360802678592e+00
-9.503889516316377239e-01
-1.293304318959184407e+00
9.010130788311420114e-01
-3.354817390753151440e-01
-2.138585844308182327e-01
1.928619991544385792e+00
-1.176577045408093936e+00
1.727874430636821668e+00
1.157783326790569722e+00
2.719679136188225543e-01
-1.176277595589430680e+00
-4.886770378772152812e-01
-1.235839249550835905e+00
1.511102266330561494e-01
1.759489865171612599e-01
-2.328475864580552557e+00
-5.056829963772268011e-01
-2.368146463734524809e-01
-7.954492614056800359e-02
6.298617781671355109e-01
-9.055213203330333971e-02
-1.267719193354827967e+00
-1.108273802656212892e+00
-6.014552204397205504e-01
-6.183360033219668095e-01
-7.664543909318120019e-01
1.178272049291701151e+00
-1.363738589973219950e+00
-1.949048636691438630e-01
-6.127199503659244151e-01
-2.886157679451275548e-01
-1.428644367095147416e+00
5.854962419261301454e-01
7.126434737004831987e-01
-1.278902799933479550e-01
-3.557753145105607695e-01
8.978731961510395543e-01
7.599327569615399458e-01
1.828130699110753099e+00
5.998419783929026528e-01
9.900404862945901829e-01
1.823399075342436060e+00
9.951226784935579550e-02
9.952542669714762313e-01
-2.269528679021182604e+00
1.078472726449608787e+00
2.162149866618534866e-01
