8.763662034875394635e-01
1.303596616069591985e+00
-7.805400355261986611e-01
4.235171021104430777e-01
4.533081123363964515e-01
4.190018112695205743e-01
6.746991400581120457e-01
2.806610359763078155e-01
1.931091981226279453e-01
-2.079734437106540990e-01
9.497184294694740458e-01
6.088286243060962999e-01
3.728456088999109186e-01
9.985745217377964833e-01
2.553635348369310276e-01
1.296935287587880348e+00
1.433447436270128827e+00
9.890505495187458251e-01
9.639387605881586385e-01
6.108856284230859135e-01
1.049492465638065308e+00
1.903383408865232829e+00
4.535960856023129040e-01
-4.037211529435628665e-01
3.148465522015635898e+00
1.191216136021519212e+00
1.830550478701882255e+00
-4.072575224701266983e-01
1.102340402409670350e+00
2.395536378931518495e+00
9.495116824230390717e-01
2.008885384699220289e+00
1.478858725694095488e-01
3.601740191907696786e+00
1.407518365137768512e+00
-1.710759682456594044e+00
1.685172637226743042e+00
2.254269637229630863e-01
-8.109136898442433072e-02
-1.853393831584794205e+00
-7.452439266427527548e-03
-5.868533422703409164e-01
1.659033230930954339e+00
1.421357566609826595e+00
1.493802092615670096e+00
-6.421233060605846532e-01
-8.030776593215728509e-02
9.370095847762207608e-01
-1.168893667197146824e+00
-7.902365916181489647e-01
1.227129159145331938e+00
2.517145469431334437e+00
-4.477441165043809929e-02
1.116280270758143178e+00
-5.808036336486376711e-02
-2.318374938411044972e-01
-5.777536205678304171e-01
-1.275255057837854755e+00
-7.554837683732823495e-01
-6.332639764670895399e-01
-1.859125494112713994e+00
8.551676324850475686e-01
-3.853152145177553556e-01
7.355163640751596343e-01
-1.250331573176946209e+00
-1.228386929667251382e+00
-1.320354995458374592e-01
7.073195699141701098e-01
-9.394564008295663848e-01
-1.251064810392787496e+00
8.408355415152924950e-01
-8.050764864215458338e-01
-4.056779340265415090e-01
-2.134091470860024209e-01
2.452448961945329631e-01
-1.241686715559194631e+00
-6.377056425146284679e-01
-1.634293622663859580e+00
-1.856584155686612947e+00
3.425395608175262341e-01
-7.103741197012004571e-01
1.461311828924929390e-01
5.036045047103824279e-01
-3.982083017413416970e-01
-9.837254725114975840e-02
-1.841608775829779665e+00
2.909468537438780755e-01
-9.082843779399315531e-01
-2.013735440105978436e-01
-9.671418105611145899e-01
-7.965532004478891315e-01
-7.183553693813902186e-01
-8.343927593887432437e-01
1.118797399976938396e-02
-9.097312676699886858e-01
-7.880068835729340249e-01
-1.911819203251276411e+00
-1.569528794817281581e+00
-6.258632377940205327e-01
-9.233857421056559378e-01
-2.497093893111275165e-01
-1.297503597854335888e+00
-3.459971898710140215e-01
-9.508430280730121309e-01
-5.476933245302949560e-01
-3.754989604922631674e-02
4.927389242129228131e-01
2.873216812939432541e-01
-1.137569330450665106e+00
-5.325701745074737925e-01
-6.279066308604124291e-01
-3.438924996804105794e-01
-5.793483827316547874e-01
-8.652697307427781315e-01
-1.043570500598969719e+00
-7.253451575048899258e-01
-8.869706045238110459e-01
1.360542627386973402e+00
-3.664498081996807044e-01
-1.110912769693680024e+00
1.561632892887389323e-01
-1.077451538785269669e+00
8.791721025640262255e-01
1.314713587619913138e-01
-8.492384461711904864e-01
9.075903391224042771e-01
9.158897478911739304e-03
-3.177244986963528861e-01
-9.972103255889631646e-01
2.324409338765243416e-01
-5.195119471734280792e-01
-1.761081898163958659e-01
-2.070877809719574580e-01
-1.312186940868961038e+00
-1.389034145541567566e+00
-1.442555224701312366e-01
-2.081230660765450158e-01
8.811173123949419539e-01
-8.327734162791233796e-01
-7.664242202538960047e-01
-8.698596734694117316e-01
1.971041100361238252e-01
-2.203746939121464521e-01
3.646309289217308236e-01
4.680471108569058125e-01
-3.888806526594238561e-02
8.339660984233659979e-02
-5.116804969864308106e-01
-2.725514460606980327e-01
9.170395381696309078e-01
1.036294230526592308e+00
9.868125109853171928e-01
6.971262938616163973e-01
-3.696534446397071183e-01
1.866068892822790037e-01
3.881043774167227756e-04
3.052091681448329541e-01
3.694799972390195447e-02
-3.526274550848597367e-02
1.510412087803072456e+00
-1.499823724877443476e-01
5.937234614550916945e-01
-1.737371170429045097e+00
1.015781024500610030e+00
