-4.905181786323818682e-02
8.248897410152777887e-02
3.659002337727600973e-01
-1.642733628253072009e+00
-3.595178230171823253e-01
1.025976034365985834e+00
-2.596645850651576048e-01
1.345764077703098360e+00
1.882890642870896913e+00
5.032093803364272588e-01
-9.878515390458524337e-01
-1.164604315597331796e+00
-1.279533610559504320e+00
4.560262754221753312e-01
-9.547586923569842954e-01
-8.383050027238631019e-01
1.433803554979823813e+00
-1.888217577065189889e+00
-2.682175788085774393e-01
-1.093289786205150715e+00
-2.256346383695402746e+00
-1.006780411222245153e+00
-6.006540824916549726e-01
6.293137856232131622e-01
-1.273172708078381232e+00
-1.240980602891834927e-01
8.119949691482487575e-01
-2.147772976033543724e-01
8.632171230328324896e-01
-7.363124715143368748e-01
3.756619010810700043e-01
1.134197671755907688e+00
-1.604034514546455403e+00
3.897863894247020622e-01
-8.505915521164699733e-01
-3.326971080411176597e-03
