-9.515661296652384860e-02
-2.117918401349229429e-01
-9.345508522715180177e-01
-8.527672170866692491e-01
-1.802816961960022279e+00
-1.577085711447296257e+00
6.144499569332734223e-02
-7.510847794629814667e-01
1.433988695528967350e+00
1.653172489665850342e-01
-1.064521547748736863e+00
-1.441531324120956858e+00
2.810041047772838252e-01
3.416933574398937912e-02
3.267148458395665589e-01
1.789706194809852213e-01
-5.320216984666441551e-01
6.952969208641927024e-01
-1.866334300392564205e-01
-4.305839643259272154e-01
-7.016403913886197774e-01
1.534389977003908667e+00
1.722773229575679910e+00
9.966427269663471478e-01
-2.646296031592723641e-01
-2.243743088657882412e-01
6.882767841604073844e-01
9.585369171602704519e-01
-1.000031540149191184e-01
3.647289340706154626e-01
2.513136910650306088e+00
1.151291709723764045e-01
8.992251938047742810e-01
-2.865821576886791622e+00
1.353422964861336952e+00
8.799268703974251205e-01
