6.349903301624831853e-01
3.484000885338719988e-01
3.916211858150421832e-01
1.513468088863713534e+00
-7.112641844110310085e-01
-8.901526941900207435e-01
-1.558737599391909256e+00
1.926582254939884331e+00
-1.965739465672915465e+00
-3.911624873359275667e-01
1.887696174608253230e-01
-1.637223316726870159e+00
5.789050478588381177e-01
-3.805338162700078186e-01
-3.013286091961066560e-01
5.144935359158815391e-01
-1.494227691885782638e+00
-2.268111076630516809e-01
2.442796584175354058e-01
5.440842152148465116e-01
6.910835403407246114e-01
-8.140268760265378933e-01
9.568980137382743223e-01
7.583259367463335288e-01
-1.069137724109452181e+00
2.474955156890693786e+00
-1.399498150718712974e+00
1.598220112889464639e+00
-6.315500721761247993e-01
-1.304994117497783324e-01
3.029440307123921761e-01
-7.128565023411324031e-01
6.827114825424777100e-01
8.087848783972806377e-02
-1.043836311234436209e+00
4.611416687125026170e-01
-1.910739503978161613e+00
8.329130824934438682e-02
-8.904474975867560094e-01
-3.416728589101676317e-01
1.222512342755020409e+00
-1.600444275310629383e+00
1.128430508521031772e+00
9.779381632791170897e-01
6.971476323226249994e-01
3.945083039960204929e-01
7.850318812270644653e-01
2.049134529967811869e+00
5.622675693660336149e-01
8.869127215117397212e-01
-9.138119435346890862e-01
-8.644448850646534455e-01
-1.942816846023735611e+00
-1.247480382366516483e-01
-7.934778265382749218e-01
4.693868527014825598e-01
4.407816069415675941e-01
-3.917798244591021439e-01
-8.517199102350216100e-02
4.055705314986848276e-01
4.717338467887116638e-01
-3.687686608979248715e-01
1.407865564606106457e+00
4.900704500785884044e-01
-1.043383255681774813e+00
7.884262768079414174e-01
-2.260079752835919831e-01
-1.297461140584992068e+00
