9.968185103790330182e-01
-3.243688372442009027e-01
2.759556267949260788e-01
-1.683625886080625467e+00
1.366573946723746769e+00
1.789742863216853053e+00
-4.643755420936552247e-01
1.575651892500218310e+00
2.375667747663842422e-01
7.427184023400593693e-01
8.782363930576445599e-01
-7.522182153508025770e-01
-1.657153257298195348e-01
2.328877625301822185e+00
-5.949367291064380087e-02
-3.676182024492127831e-01
-9.294621828253311069e-01
6.407827504898742088e-01
1.701285552864539641e+00
1.606573798410068976e+00
4.848714628856120035e-01
3.414662808361741964e-01
9.980768830688540039e-01
-3.173039568414395273e-01
-1.959799215646409187e-01
1.733528997978834196e+00
-9.550965640113127098e-01
1.475347014004547264e+00
1.144020161427405480e+00
5.893945416349045674e-01
-2.996699462231259270e-01
1.403929590916678460e+00
1.519261817393922076e-01
-1.174826969080127181e+00
2.922630328924385346e+00
2.654599479065906653e+00
1.898477114074798855e-01
-5.025345949674686619e-01
-1.146631200099663683e+00
6.631291767580550500e-01
-1.478034575506657955e+00
1.316410681134643212e+00
-2.430982816997695750e-01
8.629297385653922348e-01
1.540349197488449784e+00
9.002440828412563434e-01
-9.772127706409457215e-02
-1.369333083316411903e+00
4.370810791430284614e-01
5.824709174622159091e-01
-9.336530351828775665e-02
-9.414891773551601339e-01
-2.859488530238716852e-01
1.373295738758584905e+00
-1.047595407244873433e+00
-6.120517336364064143e-01
-1.882760105480373869e-01
-5.398092137097642018e-01
2.389750233375881106e+00
6.491712033592387243e-01
5.083306588043692287e-01
-1.020901415845248295e+00
-1.969501317346077141e+00
6.566941329869059318e-01
1.689675762330096864e+00
9.721594839759556406e-01
-7.507580233213411169e-01
-1.674869501449733344e-01
6.952448484160832498e-01
5.312913356775926521e-02
-8.270872151858356114e-01
-1.880627551891349558e+00
-2.964147532528612627e-01
-7.286924362289595170e-01
-7.657505562828483825e-01
-6.949720276674369313e-01
-9.301192347474891708e-02
2.685219858830705242e-01
-1.271507951838715789e+00
-1.591551403129975339e+00
-3.562832875747441452e-01
-1.074050638169900207e+00
6.702463352910077443e-01
-6.896349699587714932e-01
-8.895275773298920718e-01
-1.088510965095075500e+00
-1.328397917049618071e+00
-1.343738333111581529e+00
-9.968101658678268917e-01
-1.813879207740380917e+00
6.270502418576849868e-01
-1.360460160674920260e+00
-1.339969777131537754e+00
-1.195187778980079552e+00
-6.023301571422896572e-01
2.139670892259481691e-02
-5.737818341989301407e-01
-1.679735734501783262e-01
-1.420566405838899482e-01
-2.187741956789011344e-01
5.372507459031627963e-01
-5.845393647772318957e-01
-1.300819435070369678e+00
-1.010668415783811058e+00
1.363755343154280375e+00
-1.328661626229813209e+00
-9.796100786647480296e-01
-1.194908627916467569e+00
-4.274512391819271784e-01
6.990606335830159557e-01
2.201221877225554568e-01
-1.248855757780627407e+00
5.103356633450937263e-01
-1.312876072599149735e+00
6.004350958663041693e-01
1.737019179197501345e-02
1.055961296886361644e+00
1.049393030621606382e+00
-7.627801097113785511e-01
9.953623010725269893e-01
1.142292213928190581e+00
-7.586275850467887327e-01
1.715288972722577521e+00
-6.102466791009437674e-01
1.247831787811099824e+00
-6.845515461862133888e-01
-1.390934409454082088e-01
7.046115550381089332e-02
3.048971020046956082e-01
1.305527938592659920e-01
1.272580532340493453e-01
-1.384250767500181833e+00
-1.243803112176856823e-01
-9.155002910498813984e-01
-4.093487377165322960e-01
-1.167067387617273022e+00
-3.459022900098661368e-02
9.524999608607335189e-01
-5.274918657932365917e-01
4.181447136506137308e-01
1.121218085895777428e+00
9.470389977747069032e-01
4.916615387153926431e-01
1.214771228856177832e+00
1.737087261774287184e+00
2.215824814051938207e-01
6.345306631515361673e-01
-1.290370209057858597e+00
-1.382087316285907086e+00
-1.470761607696402296e+00
7.051443242121548105e-02
6.347437254329035827e-02
5.948935671272314041e-01
2.905366988453541785e-02
-2.116108625038821967e-01
-2.473549403479844699e-01
-1.088632748409767981e+00
1.640243923805345116e-01
-2.794135906428437122e-01
1.096095008233272106e+00
-4.359283759581555340e-01
1.154765324003316079e-01
5.218976971864746073e-01
-5.015434256917430389e-01
