6.827114825424777100e-01
8.087848783972806377e-02
-1.043836311234436209e+00
4.611416687125026170e-01
-1.910739503978161613e+00
8.329130824934438682e-02
-8.904474975867560094e-01
-3.416728589101676317e-01
1.222512342755020409e+00
-1.600444275310629383e+00
1.128430508521031772e+00
9.779381632791170897e-01
6.971476323226249994e-01
3.945083039960204929e-01
7.850318812270644653e-01
2.049134529967811869e+00
5.622675693660336149e-01
8.869127215117397212e-01
-9.138119435346890862e-01
-8.644448850646534455e-01
-1.942816846023735611e+00
-1.247480382366516483e-01
-7.934778265382749218e-01
4.693868527014825598e-01
4.407816069415675941e-01
-3.917798244591021439e-01
-8.517199102350216100e-02
4.055705314986848276e-01
4.717338467887116638e-01
-3.687686608979248715e-01
1.407865564606106457e+00
4.900704500785884044e-01
-1.043383255681774813e+00
7.884262768079414174e-01
-2.260079752835919831e-01
-1.297461140584992068e+00
