-1.590631246566772461e+00
5.285343527793884277e-01
-4.777129292488098145e-01
1.280147075653076172e+00
1.003888368606567383e+00
-3.063334524631500244e-01
-1.752105116844177246e+00
4.286648333072662354e-01
-3.821859881281852722e-02
6.791407465934753418e-01
-1.261097669601440430e+00
-4.888523221015930176e-01
-7.004393339157104492e-01
-1.723008751869201660e+00
-2.507563591003417969e+00
-6.450479626655578613e-01
-8.069908022880554199e-01
-2.663315534591674805e-01
-8.074218630790710449e-01
-7.925980687141418457e-01
-3.902508318424224854e-01
8.452944755554199219e-01
-5.648561716079711914e-01
1.574523925781250000e+00
2.560358762741088867e+00
6.764806509017944336e-01
-1.201146245002746582e+00
-8.277201056480407715e-01
2.324534654617309570e-01
1.104896545410156250e+00
2.928153425455093384e-02
-1.609244383871555328e-02
8.818647861480712891e-01
-2.439188361167907715e-01
-8.748656837269663811e-04
-4.533887207508087158e-01
-1.398144483566284180e+00
-2.845003604888916016e-01
1.448848962783813477e+00
-3.590513169765472412e-01
-1.322118997573852539e+00
4.192959144711494446e-02
6.617084145545959473e-01
1.553524732589721680e-01
7.764587998390197754e-01
4.003936648368835449e-01
1.154187396168708801e-01
3.142492175102233887e-01
4.532259888947010040e-03
1.855466246604919434e+00
1.372459530830383301e-01
-1.590717077255249023e+00
-2.651624083518981934e-01
3.196994960308074951e-01
3.262653648853302002e-01
5.886884331703186035e-01
1.596623510122299194e-01
1.247617125511169434e+00
2.975504100322723389e-01
1.387129664421081543e+00
9.204677939414978027e-01
1.118398308753967285e+00
1.556079030036926270e+00
2.581753730773925781e+00
1.578991115093231201e-01
-8.476659655570983887e-02
1.085441708564758301e-01
1.422302365303039551e+00
2.454947084188461304e-01
-5.677285045385360718e-02
1.902849674224853516e+00
-2.395439296960830688e-01
7.138319611549377441e-01
-2.426350831985473633e+00
4.571560323238372803e-01
-7.219295501708984375e-01
-2.594019472599029541e-01
-3.844468295574188232e-01
-1.086062788963317871e+00
5.617312192916870117e-01
-8.301078081130981445e-01
-1.015632152557373047e+00
5.593578219413757324e-01
1.969476461410522461e+00
-1.683578252792358398e+00
1.036753058433532715e+00
1.008893966674804688e+00
2.478546649217605591e-01
9.371764659881591797e-01
-6.657112240791320801e-01
-4.596513509750366211e-01
-1.391763925552368164e+00
1.063457131385803223e+00
-2.940385639667510986e-01
-9.158670306205749512e-01
2.244886159896850586e-01
3.356267213821411133e-01
-5.499857664108276367e-01
-1.442838191986083984e+00
2.543056309223175049e-01
-2.121770858764648438e+00
-1.033089995384216309e+00
-1.213492393493652344e+00
-1.897468209266662598e+00
1.567279100418090820e-01
-2.138735027983784676e-03
-7.716947793960571289e-01
-1.242919921875000000e+00
-6.669489145278930664e-01
-9.682433009147644043e-01
-1.355939954519271851e-01
4.475749433040618896e-01
-1.280390322208404541e-01
3.176251351833343506e-01
1.010627523064613342e-01
2.519668266177177429e-02
1.749106287956237793e+00
3.986115157604217529e-01
-2.619302570819854736e-01
1.240585207939147949e+00
1.672694981098175049e-01
-3.031346797943115234e-01
-8.020759224891662598e-01
3.730979189276695251e-02
-1.040525794029235840e+00
-4.336242973804473877e-01
1.140877127647399902e+00
-1.037147760391235352e+00
-1.361832022666931152e+00
-5.355802178382873535e-01
6.964662075042724609e-01
-3.065060377120971680e-01
-7.915324568748474121e-01
4.497863948345184326e-01
-6.601049900054931641e-01
1.151427268981933594e+00
-3.352782130241394043e-01
-5.992469787597656250e-01
6.284993290901184082e-01
3.089767217636108398e+00
7.459410429000854492e-01
5.803429484367370605e-01
-1.541626453399658203e+00
8.272667527198791504e-01
-8.285222053527832031e-01
-9.337658882141113281e-01
-4.748089611530303955e-01
-8.483577966690063477e-01
9.111937284469604492e-01
1.427729606628417969e+00
1.057119846343994141e+00
1.595249056816101074e+00
6.003972291946411133e-01
-1.607137918472290039e+00
-8.567011952400207520e-01
8.067207336425781250e-01
7.142870426177978516e-01
-1.340829014778137207e+00
6.499030590057373047e-01
-7.539132237434387207e-01
2.992032766342163086e-01
-1.560346484184265137e-01
5.733964443206787109e-01
1.548073410987854004e+00
