-1.690499661505046491e+00 -1.657148261974776549e-01 -1.052739690977397169e+00 -7.868039187370066134e-01 -1.365311473788518803e+00 -6.209313346165638015e-01 -1.080558399624256483e+00 -9.246924466884696991e-02 -8.362591380239603467e-02 -3.275904930598941278e-01 -1.460094898276239173e+00 -2.661586423651449151e-01
1.257492505325159993e+00 3.432577925359355658e-02 -9.813618815280096275e-01 5.539128105739107299e-01 8.892980769812729447e-01 6.337113043878563889e-01 1.034749602301726412e+00 6.119236984489924425e-02 -1.805367636872516668e+00 2.546174805963027588e+00 1.036485950620291141e-01 -4.051053687070449993e-01
-7.095244905479678454e-01 -5.085369686827762026e-01 1.606320740606108910e-01 9.163867844171480481e-01 -1.013254894046422772e+00 1.572568281761192122e+00 5.522134575862616135e-01 -6.215047552855049867e-02 7.275687916646388365e-01 1.161945753092598732e+00 -5.975831252833966323e-01 4.291532497426260306e-01
7.877034295469433900e-01 1.358083699708179104e-01 -3.603984931953755494e-02 -1.272349179244594009e+00 -6.743953214725451062e-01 -1.325645452570734184e+00 3.953244159657029466e-01 1.827986920490106248e+00 -4.261268755706384415e-01 -5.638575136897162610e-01 7.427030011909683260e-01 1.289207361875734370e-01
3.168807508366983106e-01 -1.043473242357810526e-01 -1.014874143257198158e+00 -6.550935538276715375e-01 8.508151777393063719e-01 1.153861627564862075e-01 -1.401660239243408476e-02 8.833847489189153857e-01 -4.934514879532480580e-01 1.508102875816158539e+00 -9.207230221956241856e-01 2.156872377767766191e-01
-1.495160176483151027e+00 1.810572335378654474e+00 2.586890198543362884e-01 -3.702726856873295169e-01 -7.925319993093677962e-01 5.919215723179804822e-01 -1.125929803342694324e+00 -8.681381953075640867e-01 -3.477507041786697672e-01 -6.009469434818105471e-01 -1.040203029562012160e+00 -1.961648424214333497e+00
-8.953970782334390588e-01 8.867038314998099136e-01 1.828348408298786421e+00 2.197576685646661920e-01 -3.350000623968009683e-01 -1.507101764113815356e+00 -3.485934751744879656e-01 -9.998568468145067056e-01 2.900724366437853474e-01 -1.165482454297557258e+00 1.250190997900825496e-01 -6.379390899430033290e-02
3.890636121267814634e-02 8.615475826451547414e-01 -9.676736832842094405e-01 -5.794185430406467718e-01 -1.120939419232064443e-01 1.375557546126143116e+00 -5.557277609585561384e-01 -1.619452535338449684e+00 -4.446317487455794248e-01 -7.292850234516977670e-01 -8.949655146319466237e-01 -5.724626649227569919e-01
6.162705984795980863e-01 8.662072926042208021e-01 -2.236086600006267355e-01 8.476897101865019102e-02 -1.805823399740935642e+00 -6.682267301751876332e-01 -4.402810748342496638e-01 3.646612426183160061e-01 1.756140918275888252e+00 -1.032883081579665907e+00 4.074395551503582485e-02 1.628121151740189232e+00
1.972935485364462505e+00 -2.189818448192669020e+00 8.890720570291347213e-01 -5.605700763040334378e-01 3.863570863741815353e-01 -1.330179422418275914e+00 2.368251707486846325e+00 8.079507700362165146e-01 1.290003109556575822e+00 -6.664666688528914085e-01 -1.023910416864392686e-01 1.617814362836958106e-02
-4.532779726798056852e-01 -1.733349777829653604e+00 2.143281391045608775e+00 1.995996005645904292e+00 2.562809970516893188e+00 -1.522332974994456689e-01 -5.759245653360403616e-02 -1.024969260768773704e+00 -1.505993401659892150e+00 -8.208475435258314468e-01 -1.755141181792421179e-01 7.498149435638015170e-01
4.646301765712022164e-02 4.211925916409082760e-01 -4.945348705187309069e-01 1.156926596950350161e+00 6.692184744193657719e-01 1.167241930669292299e-01 1.694687246083383114e-01 1.991816678156845155e+00 -2.551568930131446478e-01 -5.781970505150370032e-01 2.946111502682184358e-01 1.661906691047002838e+00
1.162704997586444522e+00 -8.233717732622909402e-01 7.231789966059078978e-01 -1.868705945447296513e+00 2.447948120025915664e+00 -3.750849170806227484e-01 9.992948540072565944e-01 7.227038382952624129e-01 -1.750840263371366445e+00 -4.519367147996423140e-01 1.900450766754704923e-02 1.300062438574135726e+00
2.726455621602001944e+00 -9.877966647615595841e-01 8.843368069266601683e-01 -1.201489651563762001e-01 -1.372444312798797306e+00 8.301598724373799865e-01 -7.163499448252508284e-01 -1.310892546629972566e+00 -1.008065562414174332e+00 -3.007975811299257174e-01 1.556814018561701429e+00 -6.499981369683093257e-01
-1.368069109357592739e+00 8.145387952776986795e-01 8.642684689552733168e-01 -5.969965782875183979e-01 3.100823352130424593e-02 -1.978333668640697374e+00 1.263196206487168460e+00 2.431703266228930627e+00 3.516557879600129555e-01 -1.496598561693968987e+00 1.764107100776010961e+00 7.920447059762036890e-01
3.316578260204821049e-01 -1.144222887896171104e+00 1.920216007146003656e-01 -9.050704799841573500e-01 -7.041786142783058589e-01 -4.058586984917287865e-01 -6.053575751301780716e-01 1.310624728037792952e+00 4.322333329134650515e-02 -7.762718812228165850e-03 -3.709505053525091189e-01 -1.513306138024463343e-01
-3.400729479411804951e-02 -7.140847012879336653e-01 -2.839625174207284219e-01 -1.639785083668340304e+00 1.025897870622775460e-01 -6.145061590324139011e-01 1.682778108412623652e+00 4.168010251718191617e-01 -2.345828419917019847e+00 2.012831795809531532e-01 2.343683212464969523e-01 -1.198302304744039759e+00
6.404808541551922918e-01 -1.013658295225611017e+00 1.793439470442682315e-01 1.407686726676373290e+00 -1.419529601074601910e+00 7.498966686315114982e-01 -1.664269481734061695e-01 7.947537628679982591e-01 8.888474782244065731e-01 4.352624837810332159e-01 2.947253311765581363e-01 3.483248459368901151e-01
-1.548244240853165810e+00 -2.829213784887018024e-01 -1.368903017420895207e-01 -4.936029585508220907e-01 6.096123173018774821e-01 1.499151548965669267e+00 -4.925424241765689048e-01 2.961040588893820713e-01 -6.054017102696099828e-01 7.049424170404656742e-01 -2.296579128709451911e+00 4.198057874978073367e-01
-3.940596343351346897e-01 -1.925729650597016451e-01 -1.541091946352852071e+00 -2.513374470538815020e-01 -4.883927603050325916e-01 -1.387707625113941079e+00 -5.142284801396080907e-01 -1.032931239922284083e+00 2.863481814733444542e-01 5.114195583767098263e-01 4.408753626323059227e-01 3.126784850846963115e-01
3.842133195539674251e-01 -6.615050385114261688e-01 -3.187126046795070722e-01 1.104374542041094975e-02 8.867472460655367872e-01 -8.122595659660934997e-01 -1.799639610467239359e-01 -6.337807250199233300e-01 8.368091464437880100e-01 1.973394968331215055e-02 -1.683561257299503122e+00 -1.806926237796453671e+00
-3.017770209384608715e-01 7.163739585836002011e-01 -1.317574186405297221e+00 7.911506541517122626e-01 2.924416229380501497e-01 5.147290016590488210e-02 2.436642324475030430e-01 5.123302434442252862e-01 -6.669929278487839452e-01 -1.418805148405202499e-01 1.641412614111572577e+00 -2.432406155338689702e-01
7.464202007438809350e-01 -5.099184285708981967e-01 2.693926018119842114e-01 4.999100747778167930e-01 3.102349596031979129e-01 -9.230037580675989339e-01 1.189552613070185005e+00 -3.239061096344638124e-01 8.925085931239459258e-01 1.322349062696396516e+00 -1.355527524021890029e+00 -4.766730193037984065e-01
3.034661604334713547e-01 -3.281948142071626773e-01 9.318729941983749931e-01 3.725901354292046053e-01 1.031733400868171113e+00 9.442531919168327403e-02 8.900256762799070298e-01 -2.230979533872007314e-01 1.125952736240486196e+00 4.869940913545525163e-01 -3.793590600596995488e-01 9.327363015447859285e-01
-1.233539439779596680e+00 9.309692746766746740e-01 -5.211103793571167930e-01 -1.076194124884244596e+00 -1.017904515973618640e+00 9.796985518604601761e-01 7.652307172653637357e-01 -5.874641687917470101e-01 1.375084585441241902e-01 1.912882818621827741e-01 1.146103339709861668e+00 6.563346165737832250e-01
3.106262611489228331e-01 4.993813838456698795e-01 -5.339934565811855771e-01 -2.440052192946457199e-01 -6.482165184826715887e-01 8.656928029788434342e-01 5.571547676251897840e-02 7.659026831563693107e-03 1.429533200360490364e+00 -1.250137734978889359e+00 -6.343992174500571180e-01 -1.060779011708578690e+00
-8.009881810601246488e-02 9.118567235579001784e-02 -1.393440269319767388e+00 -1.643868334663398212e+00 3.361793959955167721e-01 -1.684905007163729707e+00 3.875769876328594155e-01 -3.265310395461984982e-01 1.627091451915729570e+00 8.514716804323794186e-01 -5.764421533042933810e-01 1.627545533445503567e+00
1.144701583662381950e+00 1.158956813364216298e+00 6.221931739045032383e-01 1.262638602535107957e+00 4.806155729178021030e-01 1.035408927241810773e+00 -8.744375707323808200e-01 1.696292173891771338e-01 4.754708267835511259e-01 -9.495677677506091374e-01 -3.921420976343893972e-01 3.272534093203203209e-01
5.862692720802629154e-01 -8.321093899614360190e-01 -2.856731610216737063e-02 -6.989177657058349702e-01 -8.436362273770581233e-01 4.589916964607244632e-01 -5.947197455231123531e-01 -1.174734149418645429e-01 -3.623102861991579493e-01 -1.620919863593085486e+00 1.809425982313911385e-02 3.449593764237355864e-01
6.561258303427565108e-01 9.610315496018918546e-01 -6.827697690243649253e-01 1.083468311071171808e+00 6.085004120272379247e-01 1.191980826360451884e+00 -2.348345143677385227e+00 -2.225465493713938703e-01 1.203469413321899495e+00 1.202184270119013965e+00 1.182137164928745571e-01 -2.113377347461601108e+00
-4.739449272566297888e-01 2.729731349664978435e+00 -4.050765457588445528e-01 -3.074883781960849327e-01 -1.517110773067642082e+00 4.950368047869283528e-01 1.360875976982177438e+00 -1.801357428156079299e-01 -9.056289246055402309e-01 4.917818532657797226e-01 1.719520167511819353e-01 -1.682266266255982412e+00
-6.278657756667295198e-01 -6.442306650334076457e-01 1.852577819225372124e+00 1.617251177304492638e+00 -2.689782772967542201e-01 1.357883194194035026e+00 -7.539846087208027514e-01 -2.029477828501207171e+00 1.117345804465860321e-01 -9.177124052082827887e-01 1.119505403014907419e+00 1.176931164148843578e+00
-6.266608563363349482e-01 -3.755198133355007739e-01 8.034191629458933837e-02 -2.295017819753396027e-01 4.873554290437107639e-01 5.983234493523349462e-01 4.837614776182592169e-01 4.500107660405209820e-01 5.787767450703157346e-02 1.485294316140235438e+00 -5.762083271370175286e-01 -1.454669818946835003e+00
-1.277946235498260918e+00 8.825472621302672405e-01 -2.289703414416244254e+00 -2.375806291766312528e-01 3.578744591298685940e-01 -1.240035531825881110e+00 2.171307667089558691e-02 5.212875750755896487e-01 -1.228928248450001259e+00 -9.029114610205205560e-01 2.424197290135074123e+00 2.733735913887393454e-01
-1.128162741158903470e+00 7.125295177239444611e-01 1.014234748824468291e+00 2.172646931245890034e+00 8.941178743984687927e-01 8.613988442228789344e-01 -5.913950184481951977e-01 -7.716082143737910959e-02 8.763658806496459341e-01 1.774666387849230587e+00 1.688810817399502839e-01 1.255369260730765726e-02
3.084614175478371800e-01 -1.301729491205827927e+00 1.329939105722504067e+00 3.915763818629967585e-01 1.433448203276153354e-01 -4.493773871189679081e-01 -2.402942292732304086e+00 -1.838165750012231259e+00 -1.720808396780556526e-01 -3.691129223091156319e-01 1.031663024836315223e+00 7.523464390851198891e-01
