-8.400998115539550781e-01
4.577563107013702393e-01
-6.443510651588439941e-01
-8.612495660781860352e-01
-3.079693531617522240e-03
-1.197312831878662109e+00
6.546953320503234863e-01
-9.385467767715454102e-01
-1.031675100326538086e+00
6.580021381378173828e-01
3.045289754867553711e+00
1.016896605491638184e+00
4.919807016849517822e-01
-1.465279221534729004e+00
3.330897390842437744e-01
-9.172111749649047852e-01
-1.025583982467651367e+00
-1.830309778451919556e-01
-6.161080002784729004e-01
1.408483535051345825e-01
1.040969610214233398e+00
6.131459474563598633e-01
1.027093052864074707e+00
8.018063306808471680e-01
-1.832419276237487793e+00
-1.069885134696960449e+00
2.010631561279296875e-01
6.685369610786437988e-01
-1.132767915725708008e+00
5.417062640190124512e-01
-1.008407235145568848e+00
5.540102720260620117e-01
-1.877343654632568359e-01
5.078414082527160645e-01
1.496912479400634766e+00
7.030979394912719727e-01
