-1.414369642734527588e-01
5.648449063301086426e-01
-7.907283306121826172e-01
1.192919969558715820e+00
9.840770363807678223e-01
3.676050305366516113e-01
1.360717058181762695e+00
2.219423502683639526e-01
-9.090004861354827881e-02
6.392358541488647461e-01
1.484742522239685059e+00
2.114841043949127197e-01
1.154180645942687988e+00
1.023187935352325439e-01
-7.360293865203857422e-01
1.770141273736953735e-01
-7.599244713783264160e-01
-4.705859720706939697e-02
-1.194738298654556274e-01
-2.196499586105346680e+00
-4.275953173637390137e-01
2.296335548162460327e-01
-8.979647159576416016e-01
1.385038048028945923e-01
2.098188251256942749e-01
6.936220526695251465e-01
-1.040400937199592590e-01
8.588131666183471680e-01
-1.740562617778778076e-01
-1.053631663322448730e+00
1.021418452262878418e+00
1.419426083564758301e+00
7.855589389801025391e-01
-6.634092330932617188e-01
5.762163400650024414e-01
8.423314094543457031e-01
-1.350237578153610229e-01
1.170921802520751953e+00
-8.655972480773925781e-01
8.865134716033935547e-01
9.862531423568725586e-01
-8.961366415023803711e-01
-3.592160701751708984e+00
-1.270484685897827148e+00
-6.992877721786499023e-01
1.527474641799926758e+00
-5.818004608154296875e-01
8.888900876045227051e-01
9.930632114410400391e-01
6.009359657764434814e-02
5.530127286911010742e-01
-3.294073641300201416e-01
-1.326645135879516602e+00
-8.508221507072448730e-01
-1.285168647766113281e+00
-1.040146112442016602e+00
1.920939326286315918e+00
1.050526142120361328e+00
-3.986405730247497559e-01
-9.298270344734191895e-01
1.162082552909851074e+00
-7.434841394424438477e-01
9.840990304946899414e-01
-8.035328984260559082e-01
7.246346026659011841e-02
-7.244505286216735840e-01
-1.828457951545715332e+00
-9.889360070228576660e-01
