-1.739035844802856445e-01
-2.380379438400268555e-01
-1.316630482673645020e+00
-9.300113320350646973e-01
2.499259710311889648e-01
1.077599048614501953e+00
7.047508358955383301e-01
1.651713013648986816e+00
-6.894715428352355957e-01
-4.542406499385833740e-01
-4.903158843517303467e-01
-1.349008798599243164e+00
-2.104007720947265625e+00
-1.778052598237991333e-01
-3.420166075229644775e-01
2.245620824396610260e-02
-6.961609125137329102e-01
-1.913990259170532227e+00
-1.778756529092788696e-01
1.137059330940246582e+00
-1.377353191375732422e+00
4.510254412889480591e-02
-1.618700921535491943e-01
1.003877878189086914e+00
-7.003619670867919922e-01
8.274552226066589355e-01
-6.284245252609252930e-01
1.862002015113830566e+00
1.413386702537536621e+00
-1.136938452720642090e+00
-1.296884775161743164e+00
-1.293027400970458984e+00
-3.486330509185791016e-01
-5.153822898864746094e-01
6.991043686866760254e-01
1.118242144584655762e+00
8.898486942052841187e-02
-1.113202810287475586e+00
-6.132779717445373535e-01
-8.478298783302307129e-01
1.264756202697753906e+00
2.695201873779296875e+00
-1.119011163711547852e+00
8.214364647865295410e-01
3.309072256088256836e-01
-1.215767979621887207e+00
2.370630264282226562e+00
6.408195495605468750e-01
-5.913642048835754395e-02
9.615861773490905762e-01
-6.502340435981750488e-01
-1.351534426212310791e-01
2.494512945413589478e-01
3.828972578048706055e-01
1.091146588325500488e+00
1.195681571960449219e+00
1.847746372222900391e-01
7.834757566452026367e-01
9.782261252403259277e-01
7.169222086668014526e-02
-3.946385085582733154e-01
-3.974792361259460449e-01
2.240030169486999512e-01
-6.361775994300842285e-01
1.066360712051391602e+00
-2.965255379676818848e-01
3.962767720222473145e-01
-1.620196580886840820e+00
