-6.195002198219299316e-01
-1.039183139801025391e+00
6.325930953025817871e-01
9.626330137252807617e-01
-2.634873390197753906e-01
-1.433534622192382812e+00
-8.826521039009094238e-01
-1.089187145233154297e+00
9.951144456863403320e-01
2.536675453186035156e+00
-1.577524065971374512e+00
6.799792051315307617e-01
-5.144666880369186401e-02
-1.590934514999389648e+00
2.084308624267578125e+00
6.709294915199279785e-01
-4.567458331584930420e-01
7.753348350524902344e-01
-9.944453835487365723e-01
-2.233227789402008057e-01
2.276460640132427216e-03
6.856552511453628540e-02
9.193424582481384277e-01
8.261259198188781738e-01
-1.408351212739944458e-01
8.492105603218078613e-01
9.675015211105346680e-01
2.841198444366455078e-01
-5.193422436714172363e-01
-4.492650926113128662e-01
1.555625051259994507e-01
-8.968173861503601074e-01
8.719313740730285645e-01
-6.298783421516418457e-01
3.668584227561950684e-01
-1.790960431098937988e+00
