-9.333801865577697754e-01
-1.032940149307250977e+00
-1.294075548648834229e-01
7.052143216133117676e-01
1.103879451751708984e+00
-2.112266868352890015e-01
-5.683525800704956055e-01
1.259916424751281738e+00
3.742634654045104980e-01
7.026537656784057617e-01
1.412205338478088379e+00
-1.136880993843078613e+00
1.711858272552490234e+00
-9.592263400554656982e-02
2.289221733808517456e-01
4.682379364967346191e-01
-6.336086988449096680e-01
8.084899187088012695e-01
1.613989472389221191e+00
-1.202200651168823242e+00
-3.634060025215148926e-01
1.958866000175476074e+00
1.762151122093200684e+00
6.890255808830261230e-01
-2.250210195779800415e-01
-1.431094765663146973e+00
1.882464736700057983e-01
-9.639313817024230957e-01
-9.030691385269165039e-01
1.854991555213928223e+00
-5.114910379052162170e-02
1.146628499031066895e+00
8.936536312103271484e-01
-2.677734494209289551e-01
-1.697435826063156128e-01
-4.698836803436279297e-01
6.166796386241912842e-02
1.054404497146606445e+00
-3.783556818962097168e-01
6.503933072090148926e-01
-5.304115265607833862e-02
-2.373515844345092773e+00
-1.794175863265991211e+00
1.108085811138153076e-01
-1.419500231742858887e+00
-2.217247009277343750e+00
2.655010223388671875e-01
-8.287414312362670898e-01
-4.680811166763305664e-01
-9.952218532562255859e-01
3.626304268836975098e-01
6.197745800018310547e-01
-4.824492335319519043e-01
8.137512803077697754e-01
-8.393928408622741699e-01
-9.020586609840393066e-01
9.535066485404968262e-01
6.636496633291244507e-02
4.535830020904541016e-01
-4.930684864521026611e-01
-7.926694750785827637e-01
2.064689248800277710e-01
1.360615968704223633e+00
-1.137086749076843262e+00
-1.490565240383148193e-01
1.680093050003051758e+00
1.243293881416320801e-01
-1.554433107376098633e+00
