-1.215309739112854004e+00
4.823147878050804138e-02
-4.218184202909469604e-02
3.161209821701049805e-01
-3.090339004993438721e-01
-1.390614390373229980e+00
1.145333796739578247e-01
-9.561536908149719238e-01
-2.034949958324432373e-01
2.253689527511596680e+00
1.621529340744018555e+00
-4.248623251914978027e-01
1.268625140190124512e+00
2.083779573440551758e+00
-4.568901956081390381e-01
7.322506308555603027e-01
1.441415250301361084e-01
8.239641189575195312e-01
-5.702078938484191895e-01
-8.894082307815551758e-01
3.020017445087432861e-01
-1.096816539764404297e+00
7.150868177413940430e-01
7.394250631332397461e-01
-1.163973093032836914e+00
-3.082624971866607666e-01
-7.597830891609191895e-01
3.071092963218688965e-01
6.124523878097534180e-01
-4.454110264778137207e-01
-1.684619069099426270e+00
8.926352858543395996e-01
-1.493613868951797485e-01
-1.930783987045288086e+00
-3.802477121353149414e-01
1.401838660240173340e+00
