-1.974554955959320068e-01
2.803864181041717529e-01
7.625398635864257812e-01
-1.134031534194946289e+00
1.388584494590759277e+00
6.070245504379272461e-01
-1.000982642173767090e+00
4.376418292522430420e-01
-5.005047321319580078e-01
-6.916859149932861328e-01
6.562579870223999023e-01
1.092680573463439941e+00
-5.871437788009643555e-01
2.365824952721595764e-02
8.334528803825378418e-01
3.589295148849487305e-01
9.568203091621398926e-01
-2.161839008331298828e-01
-3.072677254676818848e-01
1.565767407417297363e+00
1.028080224990844727e+00
-8.686223626136779785e-02
-6.573832035064697266e-01
-6.800015568733215332e-01
5.535945892333984375e-01
2.201597690582275391e-01
-4.628976583480834961e-01
6.518836617469787598e-01
2.416203171014785767e-01
-6.024262309074401855e-01
8.639127612113952637e-01
-2.202654361724853516e+00
-8.549295067787170410e-01
-2.609776556491851807e-01
6.156045198440551758e-01
2.337499707937240601e-01
-5.901675820350646973e-01
1.162634253501892090e+00
-4.985555261373519897e-02
-2.728151977062225342e-01
-4.483800232410430908e-01
7.908226847648620605e-01
2.917762994766235352e-01
-2.050083398818969727e+00
1.349870443344116211e+00
-7.703419327735900879e-01
6.245630383491516113e-01
9.071384668350219727e-01
8.151553273200988770e-01
8.897494673728942871e-01
2.309725880622863770e-01
2.894803285598754883e-01
-1.954682946205139160e+00
-4.060312211513519287e-01
-1.138230085372924805e+00
-2.120491713285446167e-01
-1.114403009414672852e+00
-5.043957829475402832e-01
1.264818459749221802e-01
-1.407639622688293457e+00
-1.096915721893310547e+00
2.892589867115020752e-01
-1.316904544830322266e+00
-4.469396770000457764e-01
1.573374509811401367e+00
-1.486576497554779053e-01
-3.543878197669982910e-01
-1.326055645942687988e+00
1.044231057167053223e+00
-1.995727419853210449e+00
-1.429049015045166016e+00
4.046635702252388000e-02
-8.219729065895080566e-01
8.980062007904052734e-01
3.740639388561248779e-01
-9.639306068420410156e-01
-1.939483433961868286e-01
-1.040121555328369141e+00
1.838648557662963867e+00
-5.850082039833068848e-01
1.029334902763366699e+00
-4.063648283481597900e-01
5.095822215080261230e-01
-1.575910568237304688e+00
-9.458356499671936035e-01
1.509880065917968750e+00
4.557599127292633057e-01
-1.243876814842224121e+00
-4.091727361083030701e-02
1.486717820167541504e+00
1.572451591491699219e+00
1.264936089515686035e+00
-8.831461668014526367e-01
-1.239012330770492554e-01
5.392580628395080566e-01
9.339019060134887695e-01
2.393369197845458984e+00
-1.405286192893981934e+00
-7.712853550910949707e-01
1.483682096004486084e-01
1.024851202964782715e+00
1.384306550025939941e+00
-1.403064131736755371e-01
-3.342078626155853271e-01
1.322001099586486816e+00
2.066897302865982056e-01
7.915305495262145996e-01
1.449117541313171387e+00
-1.532941699028015137e+00
1.776373624801635742e+00
-2.948609292507171631e-01
3.641724288463592529e-01
5.726208686828613281e-01
-7.391961812973022461e-01
9.262211918830871582e-01
1.720211863517761230e+00
-1.411999106407165527e+00
-1.933897882699966431e-01
2.095293998718261719e+00
1.732542514801025391e+00
7.405914068222045898e-01
-3.479140996932983398e-01
-1.699819326400756836e+00
1.013222932815551758e-01
-8.917347788810729980e-01
-7.579283714294433594e-01
2.060235500335693359e+00
5.208026245236396790e-02
1.301549315452575684e+00
8.444368839263916016e-01
-3.623899817466735840e-01
-3.545656502246856689e-01
-5.255415439605712891e-01
8.066494762897491455e-02
1.029011130332946777e+00
-7.328650951385498047e-01
5.640273690223693848e-01
-3.831943124532699585e-02
-2.471628427505493164e+00
-1.911159753799438477e+00
1.555072814226150513e-01
-1.597823977470397949e+00
-2.336864233016967773e+00
2.272084802389144897e-01
-8.292579054832458496e-01
-4.252399504184722900e-01
-1.042514443397521973e+00
4.522561728954315186e-01
4.948456883430480957e-01
-7.535591125488281250e-01
6.051250100135803223e-01
-1.248026609420776367e+00
-9.419798851013183594e-01
9.611499905586242676e-01
-9.288145601749420166e-02
3.637430071830749512e-01
-5.853604674339294434e-01
-8.157273530960083008e-01
2.139406949281692505e-01
1.305524706840515137e+00
-1.106920123100280762e+00
-2.104774564504623413e-01
1.596430540084838867e+00
-6.217965856194496155e-02
