-2.420307874679565430e+00
1.095372080802917480e+00
9.391184449195861816e-01
4.470219910144805908e-01
6.460502743721008301e-01
-5.959347486495971680e-01
-2.517767809331417084e-02
-7.013812661170959473e-01
-1.448009610176086426e+00
-6.067889332771301270e-01
-1.439628601074218750e+00
-7.415601015090942383e-01
-9.162604212760925293e-01
-2.081661462783813477e+00
-1.639072656631469727e+00
-1.754081249237060547e+00
-1.373236298561096191e+00
-2.261183023452758789e+00
-1.567244410514831543e+00
-1.144117951393127441e+00
9.800861775875091553e-02
5.702177882194519043e-01
-4.848823547363281250e-01
3.599772453308105469e-01
1.021008968353271484e+00
-1.411550641059875488e-01
-9.515981078147888184e-01
8.320670127868652344e-01
6.907739639282226562e-01
1.311219334602355957e-01
1.030338168144226074e+00
2.513142824172973633e+00
1.484405994415283203e-01
-6.671055555343627930e-01
-5.575743317604064941e-01
-2.392185628414154053e-01
-2.248949289321899414e+00
2.514641880989074707e-01
3.328636288642883301e-02
5.116613507270812988e-01
2.733868956565856934e-01
1.074265837669372559e+00
5.405462980270385742e-01
1.257927715778350830e-01
9.997048974037170410e-01
-6.626706123352050781e-01
-1.927953585982322693e-02
1.150658369064331055e+00
8.561319708824157715e-01
9.631255865097045898e-01
1.155639886856079102e+00
2.166246026754379272e-01
-8.404982089996337891e-01
1.495497822761535645e-01
2.688103020191192627e-01
9.409180879592895508e-01
1.429630964994430542e-01
3.317512869834899902e-01
2.361341238021850586e+00
-5.293301939964294434e-01
-1.121105670928955078e+00
-4.564260840415954590e-01
-4.762041568756103516e-02
-2.218179106712341309e-01
-1.758275866508483887e+00
7.724837064743041992e-01
8.207828402519226074e-01
-1.109388828277587891e+00
9.907044172286987305e-01
9.468900561332702637e-01
1.288849234580993652e+00
-6.089988350868225098e-01
4.740702807903289795e-01
1.227176070213317871e+00
1.535642027854919434e+00
1.007952392101287842e-01
-8.861532807350158691e-01
4.552839696407318115e-01
-4.821001589298248291e-01
-2.012367486953735352e+00
2.404071092605590820e-01
1.452710032463073730e+00
1.491996645927429199e+00
-1.595622539520263672e+00
1.062277480959892273e-01
-4.619968831539154053e-01
5.324147343635559082e-01
9.622637033462524414e-01
-7.389774322509765625e-01
-8.257372677326202393e-02
-4.661335349082946777e-01
1.574746966361999512e+00
-1.437050223350524902e+00
1.323334872722625732e-01
9.563460946083068848e-02
9.194558858871459961e-02
1.097610950469970703e+00
-5.198175311088562012e-01
-9.129197001457214355e-01
-9.908570647239685059e-01
-1.093278527259826660e+00
-2.403041422367095947e-01
3.731497526168823242e-01
-3.689852058887481689e-01
1.971971392631530762e+00
-7.990005612373352051e-01
-5.048696994781494141e-01
-5.182745456695556641e-01
-9.767671227455139160e-01
-1.703283071517944336e+00
1.156233400106430054e-01
-5.026183128356933594e-01
-6.120110675692558289e-02
-1.278617620468139648e+00
-1.697399735450744629e+00
-3.625649260357022285e-04
7.215649485588073730e-01
-1.226436376571655273e+00
-1.240311190485954285e-02
3.069817423820495605e-01
1.670474767684936523e+00
-9.492145180702209473e-01
8.289673328399658203e-01
-8.648453354835510254e-01
1.459016680717468262e+00
6.328447461128234863e-01
-1.113945245742797852e+00
-1.272976160049438477e+00
-1.051600217819213867e+00
-3.833274245262145996e-01
-3.075187206268310547e-01
8.119324445724487305e-01
9.897998571395874023e-01
6.226919889450073242e-01
-7.195747494697570801e-01
-3.364240527153015137e-01
-9.001532196998596191e-01
1.184934377670288086e+00
2.372167348861694336e+00
-1.085659742355346680e+00
3.678584396839141846e-01
1.167820841073989868e-01
-1.120789170265197754e+00
2.386821508407592773e+00
6.723228693008422852e-01
2.513380944728851318e-01
7.849272489547729492e-01
-7.576808929443359375e-01
6.042220592498779297e-01
8.367224931716918945e-01
6.737406849861145020e-01
1.286981105804443359e+00
9.409323930740356445e-01
5.120418667793273926e-01
8.174061775207519531e-01
1.051882028579711914e+00
-1.250114142894744873e-01
1.234442647546529770e-02
-2.659122943878173828e-01
2.493949234485626221e-01
-5.417193174362182617e-01
1.181526899337768555e+00
1.398389488458633423e-01
5.378081202507019043e-01
