-6.631613373756408691e-01
-1.048414945602416992e+00
-2.802524864673614502e-01
7.357656359672546387e-01
-8.554559350013732910e-01
-1.357585191726684570e+00
5.702789425849914551e-01
-4.317923188209533691e-01
1.464778423309326172e+00
2.821332812309265137e-01
6.516675353050231934e-01
1.254062891006469727e+00
9.186830520629882812e-01
2.565759420394897461e-01
1.671657562255859375e+00
-1.805904954671859741e-01
-5.901672244071960449e-01
3.928563371300697327e-02
-9.623553156852722168e-01
2.252843827009201050e-01
-1.869777202606201172e+00
6.813310980796813965e-01
-1.480903387069702148e+00
2.460067570209503174e-01
7.127501368522644043e-01
-5.359653234481811523e-01
3.600797057151794434e-01
4.188451468944549561e-01
8.660688400268554688e-01
-1.699775099754333496e+00
-1.098972082138061523e+00
1.511550307273864746e+00
-1.687055110931396484e+00
1.484887003898620605e+00
-6.466270685195922852e-01
1.037158370018005371e+00
