-9.844688773155212402e-01
1.124724388122558594e+00
1.380982279777526855e+00
-1.305369973182678223e+00
1.812771439552307129e+00
-6.625320911407470703e-01
-4.261966645717620850e-01
4.312271773815155029e-01
4.570947289466857910e-01
2.432339042425155640e-01
6.388303637504577637e-01
8.600172400474548340e-01
5.076832771301269531e-01
2.333421856164932251e-01
2.200648635625839233e-01
-6.078572273254394531e-01
4.471583366394042969e-01
4.368789792060852051e-01
9.251625537872314453e-01
-1.177538990974426270e+00
1.394558429718017578e+00
-3.073543310165405273e-02
-2.230943143367767334e-01
-1.068640828132629395e+00
-2.524781823158264160e-01
-2.556159496307373047e-01
6.232567429542541504e-01
-1.813498616218566895e+00
1.180111765861511230e+00
1.473499983549118042e-01
-1.288677096366882324e+00
-3.001736700534820557e-01
5.939182043075561523e-01
1.058254361152648926e+00
2.334768176078796387e-01
-9.638563990592956543e-01
9.339519739151000977e-01
1.377098321914672852e+00
-6.554988622665405273e-01
3.881288170814514160e-01
-1.736340999603271484e+00
-4.044144749641418457e-01
-8.020984530448913574e-01
-1.432968616485595703e+00
-1.068928360939025879e+00
-3.087965548038482666e-01
-1.872110962867736816e+00
2.350699901580810547e-02
5.232509374618530273e-01
-1.091342121362686157e-01
1.022072434425354004e+00
-3.257738351821899414e-01
2.025728464126586914e+00
-8.175661563873291016e-01
1.597042679786682129e+00
-3.319863080978393555e-01
-8.557124733924865723e-01
5.382002592086791992e-01
-4.496179521083831787e-01
-5.528765320777893066e-01
-1.015339612960815430e+00
1.816138267517089844e+00
1.077876687049865723e+00
-1.707535743713378906e+00
1.796798586845397949e+00
-1.730173587799072266e+00
6.228815913200378418e-01
-1.155166029930114746e+00
