-9.182257056236267090e-01
-1.526567339897155762e-01
-4.507323801517486572e-01
1.654327213764190674e-01
-3.521478474140167236e-01
-5.252082347869873047e-01
-6.046761274337768555e-01
-8.224990963935852051e-01
-1.298651933670043945e+00
-2.332613468170166016e+00
-1.115044832229614258e+00
-1.507952213287353516e+00
-2.066391468048095703e+00
-1.512348055839538574e+00
-5.446535348892211914e-01
-1.676123023033142090e+00
-8.006522059440612793e-01
-1.199640393257141113e+00
-2.202206134796142578e+00
-1.772860407829284668e+00
1.667423248291015625e-01
-8.400546908378601074e-01
-6.978515982627868652e-01
-8.205953836441040039e-01
-9.090504050254821777e-01
-1.877027869224548340e+00
2.187054976820945740e-02
-2.017975568771362305e+00
-8.312584459781646729e-02
-1.048676252365112305e+00
1.335615396499633789e+00
-5.890276432037353516e-01
1.288248538970947266e+00
-3.693091273307800293e-01
5.047232508659362793e-01
6.639832258224487305e-01
-1.340175271034240723e+00
4.959653615951538086e-01
3.865291476249694824e-01
8.009351044893264771e-02
4.166012704372406006e-01
-6.049994826316833496e-01
3.147573471069335938e-01
1.424146056175231934e+00
1.205725967884063721e-02
4.750837981700897217e-01
8.321707695722579956e-02
2.499649822711944580e-01
9.551247358322143555e-01
7.270931005477905273e-01
-5.351650714874267578e-01
9.072419404983520508e-01
3.277086019515991211e-01
1.738524556159973145e+00
6.380354166030883789e-01
6.267967820167541504e-01
3.167634010314941406e-01
2.795580923557281494e-01
7.901958227157592773e-01
-4.766769111156463623e-01
7.828800678253173828e-01
1.177266478538513184e+00
1.352230906486511230e+00
1.839252591133117676e+00
-5.772733688354492188e-01
-2.708986699581146240e-01
-2.770453225821256638e-03
-2.342352271080017090e-01
-3.731099665164947510e-01
3.088238239288330078e-01
8.475264906883239746e-01
-1.653176099061965942e-01
-4.748204648494720459e-01
8.212512135505676270e-01
-3.629540205001831055e-01
-4.374534189701080322e-01
-3.692388236522674561e-01
8.608305454254150391e-01
7.880544662475585938e-01
1.609146893024444580e-01
1.500321388244628906e+00
1.213210344314575195e+00
1.886454075574874878e-01
9.543451666831970215e-01
-1.266483664512634277e+00
1.224339365959167480e+00
-1.116648197174072266e+00
-1.130381941795349121e+00
1.720100641250610352e-01
-5.412409305572509766e-01
7.061122655868530273e-01
-5.143454670906066895e-01
1.835518283769488335e-03
-2.494386881589889526e-01
-1.407745361328125000e+00
-1.788131445646286011e-01
-2.137450218200683594e+00
1.295712947845458984e+00
-1.122205376625061035e+00
-1.170874357223510742e+00
1.403215527534484863e+00
-1.766474008560180664e+00
9.975972175598144531e-01
7.549173831939697266e-01
-1.307862997055053711e-01
1.103778034448623657e-01
1.507089734077453613e-01
-2.756401896476745605e-01
-5.150315761566162109e-01
-3.556364178657531738e-01
-5.084383487701416016e-02
1.818027794361114502e-01
7.377662658691406250e-01
-4.532290995121002197e-01
-3.764435350894927979e-01
-6.010233163833618164e-01
1.035012841224670410e+00
-1.281615853309631348e+00
3.734211921691894531e-01
4.401336014270782471e-01
1.309610724449157715e+00
2.965116202831268311e-01
1.225218623876571655e-01
-6.336005330085754395e-01
1.515124320983886719e+00
-1.176344871520996094e+00
2.386535257101058960e-01
1.452875733375549316e+00
7.037667036056518555e-01
-4.571770131587982178e-01
-9.318805336952209473e-01
2.304190844297409058e-01
1.093218922615051270e+00
-3.389492928981781006e-01
-1.192471742630004883e+00
1.258352637290954590e+00
-2.468761354684829712e-01
1.999113559722900391e+00
6.935817599296569824e-01
7.782337665557861328e-01
1.564729809761047363e+00
1.530511379241943359e+00
7.574649453163146973e-01
2.197562217712402344e+00
-6.385035812854766846e-02
-3.268926143646240234e-01
4.274824857711791992e-01
-6.252816915512084961e-01
8.829106092453002930e-01
-1.433511018753051758e+00
1.314549922943115234e+00
-1.199377179145812988e+00
5.748170614242553711e-01
1.249573111534118652e+00
-3.073339164257049561e-01
8.130434751510620117e-01
7.426726222038269043e-01
1.358855366706848145e+00
-1.647449970245361328e+00
-1.021384596824645996e+00
2.243577003479003906e+00
-1.531381845474243164e+00
2.204330921173095703e+00
-2.174760550260543823e-01
