1.491394506395926634e+00
1.478941731508333968e+00
7.889533163568445140e-01
3.789587917600953371e-02
8.894709854042871511e-01
7.884388300531385285e-01
8.227500631971323974e-01
1.109397364953490728e+00
1.279259249036973634e+00
8.556371610506907643e-01
1.031833880374540602e+00
7.519032533797739282e-01
8.926258704854063142e-01
8.210493502516265085e-01
6.818471934965082415e-01
7.174785661448150886e-01
2.805794041790714011e-01
2.910737661469096627e-01
5.130194646706324191e-01
2.629850172311149481e-01
-5.014097390010888167e-02
-1.552508486908746321e-01
-2.584933453682726756e-01
-1.745780048009319962e-01
-3.307871464954228458e-01
-3.328297850188888796e-01
-4.867070597116216479e-01
-6.206610180527953879e-01
-1.295050355632690220e+00
-1.086210630739900873e+00
-1.176342210020369317e+00
-1.582381624750019089e+00
-1.831735234309442628e+00
-1.936533870410515279e+00
-1.756600205347219612e+00
-1.600006817074441257e+00
-1.112225723169780744e+00
