1.874731251199170723e+00
1.465160549920402566e+00
3.357192781175488139e-01
1.991237752816972795e-01
8.188938397224859722e-01
9.400497673115277841e-01
1.112618917193801460e+00
1.087858654011617299e+00
9.931207204827718904e-01
9.700349440689366443e-01
9.163511083336651764e-01
1.064210872886315329e+00
7.713954039035313404e-01
8.523998620949974070e-01
3.321777568796402957e-01
6.383856547660703429e-01
4.599887458053653760e-02
3.306514269537416673e-01
5.584073384930405837e-01
-7.441741990039563159e-02
-2.366835247040843249e-01
-2.890732230902115507e-01
1.576393715738144408e-01
-1.854793223347996067e-01
-3.509071542652114073e-01
-4.307758070490504410e-01
-5.288521852951659774e-01
-7.104033092524022486e-01
-7.595797644183900355e-01
-1.011137340128333451e+00
-1.108066481013034510e+00
-1.956273492552619508e+00
-1.986972674184218857e+00
-1.886991070476113475e+00
-1.772893145387490543e+00
-8.927070502752523229e-01
-1.283716403448543986e+00
