1.517654247782379118e+00
1.516630326267313533e+00
9.514239439901568396e-01
-1.108211577901353634e-01
4.374248911612892976e-01
8.681286119614751717e-01
1.006718522379529634e+00
9.743997095883449866e-01
1.297635029881010205e+00
1.032647802717278296e+00
8.143861083718902938e-01
7.822572110521860411e-01
1.122223001767150397e+00
6.838899269709377560e-01
8.208987168628546494e-01
6.074716954394899782e-01
5.363766690128526360e-01
5.233614679665695574e-02
5.043368839070080378e-01
2.623690856239200841e-01
8.849050003738684333e-02
-2.226657441757445566e-01
-2.697627682285564377e-01
-2.820380744589570110e-01
-2.542197624077516815e-01
-7.274507538026113718e-01
-2.913620982778882262e-01
-6.584587301445196106e-01
-1.300038434722214475e+00
-1.260000648235783727e+00
-1.086656307206127714e+00
-1.395284232762162846e+00
-1.772953051013316017e+00
-1.821064111301448296e+00
-1.926187280538829372e+00
-1.516893487149212572e+00
-9.818423893558034798e-01
