1.732089561059956928e+00
1.215902649336003671e+00
2.161019544624214195e-01
3.782831852056788846e-01
8.965354507288270103e-01
1.057154108369896983e+00
1.102650052228493438e+00
1.211806409171616750e+00
1.155304022025194666e+00
8.802988279551764439e-01
9.338795135275304027e-01
8.698075898615790225e-01
7.382105289921463420e-01
1.017920560459363077e+00
3.330964396407586903e-01
7.050347316028883204e-01
-9.912606688189308513e-02
7.392852076799760752e-01
4.530054782830785776e-01
7.177865209517206302e-02
-2.149542287343330638e-01
-1.305290502992025037e-01
1.650311258091803623e-01
-2.302241213160160782e-01
-4.613161304048398192e-01
-3.694788076574687108e-01
-6.510268003664907432e-01
-9.216187212286042207e-01
-1.004017298650389245e+00
-9.628082007353730987e-01
-1.292502165924078072e+00
-1.740067825018185799e+00
-1.786048460610606181e+00
-1.927807716842044439e+00
-1.633254089841756906e+00
-1.049512460285168203e+00
-1.398883903698503017e+00
