1.525524472625148009e+00
1.352910486929030487e+00
5.403196533303546989e-01
5.707049631382500321e-01
1.074416480009027897e+00
8.969853540499381772e-01
8.652091571171113271e-01
1.210553295099842996e+00
1.122042222666549627e+00
9.565767392804931379e-01
9.197084709763450050e-01
5.841628355390620086e-01
6.210900330470454644e-01
9.010521240119905295e-01
2.515908836414855188e-01
6.371377266739538525e-01
-5.216500784612806280e-02
5.838213778989379543e-01
4.657932348222981189e-01
1.764312876855687329e-01
1.001627753238201884e-01
-4.915292003966431622e-02
1.831355628846350336e-01
-1.219224444923739104e-01
-2.819389215753798084e-01
-2.924444131527740298e-01
-5.469909942531088198e-01
-6.333370838013496762e-01
-1.326649308487721335e+00
-9.471301994163427995e-01
-1.171620179030881781e+00
-1.785220927388423862e+00
-1.911046917512919219e+00
-2.040107459986677529e+00
-1.656797530707280863e+00
-1.253677757393149683e+00
-1.469127071666709305e+00
