1.412980207045172243e+00
1.227969368499540748e+00
2.799358091702619511e-01
7.063787347083408941e-01
1.049275533088203094e+00
8.302441654065276788e-01
8.657667476205431756e-01
1.301145786049757946e+00
1.137001962985464187e+00
1.044254800591993382e+00
9.539256889318372679e-01
8.245013336876213517e-01
6.927487959685163510e-01
1.117995961982470421e+00
4.788076719607080589e-01
7.592679796546879523e-01
-1.183850697814397973e-01
6.336283380725642456e-01
4.150881344088128144e-01
1.028855476674577635e-01
-1.009723110259555003e-02
-1.088541515121930758e-01
1.271040122834066199e-01
-1.919982746582463151e-01
-4.404175942707239666e-01
-3.683720265347493195e-01
-7.034753178130186413e-01
-8.772838562307606614e-01
-1.389427596493920447e+00
-1.063266874149118468e+00
-1.300337331065531954e+00
-1.674270487821557962e+00
-1.740706072352671718e+00
-1.992058954192378772e+00
-1.463823760041751632e+00
-1.096910504835952427e+00
-1.421221476927249316e+00
