1.732844540564056235e+00
1.391950263958705802e+00
9.674052010590272754e-01
1.991023406851669397e-01
7.725700979496311627e-01
7.656355793705862389e-01
7.976727192875029404e-01
8.687600223596566584e-01
1.249414325251270830e+00
1.072854548692558918e+00
9.288838399411474267e-01
8.623417146875337336e-01
8.494743798644284194e-01
6.257842437567135985e-01
9.190420847045955854e-01
5.730684465023044849e-01
4.997138925181468516e-01
-1.574983407646875777e-01
4.449011005119385964e-01
4.507502802497513894e-01
1.234996128309613223e-01
-1.931848388943749606e-01
-2.314516133413360710e-01
-7.331874559845270867e-02
-2.444776373894631538e-01
-6.937360361376685436e-01
-6.732688654042943144e-01
-9.256296240081985927e-01
-1.279097683989181000e+00
-1.094329637699108515e+00
-1.048710555410627743e+00
-1.359822977030554991e+00
-1.837998689143592435e+00
-1.682473775219420542e+00
-1.819905738057383537e+00
-1.610814472415251331e+00
-1.169950004242078068e+00
