1.609887391463998840e+00
1.422782006625648021e+00
8.615503303659479695e-01
3.881070450568394614e-01
9.296775756388172551e-01
8.228995672711414411e-01
9.888226036524105922e-01
1.028553588087176562e+00
1.314325442443292413e+00
9.652128766316657726e-01
7.859196007328017597e-01
5.206437209596113114e-01
8.552327287873263684e-01
6.746126411877643170e-01
6.774216260914628362e-01
6.595709824515072484e-01
4.999765807286453423e-02
5.718895230697915166e-02
4.811316185729207495e-01
4.602179533558863889e-01
2.267373584747307269e-01
-1.306119846629747450e-01
-6.872874320116617586e-02
-1.096464319718836039e-01
-2.606053974357666614e-01
-5.262806169860059224e-01
-6.022104248929617265e-01
-8.710482801829980692e-01
-1.304012185099209686e+00
-9.398891665764756986e-01
-1.049191803656092103e+00
-1.560765786502984698e+00
-1.896068326566606066e+00
-1.828058405504916051e+00
-1.651433056060990889e+00
-1.655812075337753653e+00
-1.326130583591998313e+00
